%-- Focal length:
camR.f = mean([ 1834.982566594790100 ; 1840.126401445344300 ]);

%-- Principal point:
camR.c  = [ 1463.788543422015700 ; 991.790475398290940 ]';

%-- Image #1:
camR.R = rodrigues([ 2.109946e+00 ; 2.179564e+00 ; -5.337366e-01 ]);
camR.t  = [ -2.297558e+02 ; -1.820600e+02 ; 3.346794e+03 ];

% LEFT
%-- Focal length:
camL.f  = mean([ 1843.463722950638200 ; 1831.060188472588600 ]);

%-- Principal point:
camL.c = [ 1457.180947340274300 ; 907.728368229318560 ]';

%-- Image #1:
camL.R = rodrigues([ 1.879510e+00 ; 1.687184e+00 ; 1.901256e-01 ]);
camL.t = [ -8.540793e+02 ; -2.157167e+01 ; 2.936587e+03 ];

camL.t = zeros(3,1);
camL.R = eye(3);